132
120
150
150
150
150
150
131
119
150
150
150
150
150
133
150
150
150
150
150
150
130
150
150
150
150
150
150
128
150
150
150
150
150
150
126
150
150
150
150
150
150
129
150
150
150
150
150
150
138
150
150
150
150
150
150
123
150
150
150
150
150
150
123
150
150
150
150
150
150
138
150
150
150
150
150
150
129
150
150
150
150
150
150
126
150
150
150
150
150
150
128
150
150
150
150
150
150
130
150
150
150
150
150
150
133
150
150
150
150
150
150
131
119
150
150
150
150
150
132
120
150
150
150
150
150
